10
417 86736 13548 90581
340 57
349 53
93 381
129 41
117 79
415 400
404 403
405 303
46 400
333 334
2 60
47 382
367 331
274 211
15 151
89 390
284 167
309 310
164 177
73 72
295 333
116 133
20 63
344 415
290 53
319 397
15 277
53 160
320 22
16 78
191 205
270 204
385 296
337 116
2 284
68 297
50 191
401 323
366 142
94 338
314 343
343 211
173 292
401 177
229 66
63 318
108 338
413 107
126 340
6 388
379 146
354 105
257 325
147 412
347 331
248 230
290 383
316 284
315 235
237 87
32 169
222 148
325 149
403 55
165 238
162 5
163 141
332 387
360 130
259 70
197 252
273 142
299 288
413 188
35 381
381 211
64 210
225 193
187 416
185 357
208 45
2 409
324 408
152 363
145 36
109 357
276 334
380 313
76 410
40 61
57 335
33 242
230 4
356 284
260 183
215 84
160 168
101 318
106 52
101 211
175 410
377 344
20 394
205 104
371 141
144 154
68 47
163 366
101 114
41 206
205 56
399 272
25 316
231 98
343 23
7 169
71 379
271 108
55 271
189 158
124 300
311 260
339 287
161 77
144 261
280 326
159 388
127 324
182 380
316 187
213 46
213 363
332 151
269 227
339 59
396 223
392 413
366 7
260 163
199 245
126 226
197 376
82 353
82 184
62 72
95 334
130 198
269 386
264 78
378 304
148 184
47 295
171 68
188 249
252 18
70 297
347 49
274 124
177 176
48 212
415 110
319 335
111 388
43 305
144 242
99 404
90 402
229 95
80 97
173 204
71 284
266 165
412 64
16 369
381 400
244 333
320 110
54 140
57 122
301 97
210 273
207 6
120 299
161 377
149 140
292 28
13 215
311 288
106 201
111 378
258 390
255 359
241 204
77 103
370 139
12 249
130 71
409 97
312 209
133 197
398 285
18 364
218 390
41 121
28 341
302 294
82 276
391 217
60 271
198 334
181 183
211 345
56 379
298 73
347 258
166 336
116 167
220 380
274 258
215 262
344 180
341 7
123 70
206 45
82 83
205 86
257 397
164 384
395 308
113 406
236 229
55 394
410 237
130 126
278 51
102 225
344 278
131 75
368 417
72 309
235 27
38 368
4 80
154 265
221 410
66 141
106 269
157 73
249 179
366 202
246 295
200 95
244 8
106 274
33 258
111 416
222 410
323 305
244 85
157 45
367 354
137 342
275 248
10 21
131 322
204 68
179 177
324 40
407 197
265 291
31 267
15 221
134 124
222 264
415 170
342 303
404 103
313 222
45 285
255 33
177 192
29 38
65 29
110 118
220 202
40 191
217 51
316 394
400 112
101 174
121 198
256 281
205 29
107 390
383 279
353 330
95 326
213 282
252 97
411 162
1 274
193 196
2 193
405 322
128 328
104 197
74 337
170 301
90 64
143 302
119 80
308 316
139 383
358 113
7 79
120 248
241 36
382 285
409 178
269 397
284 390
325 266
88 11
271 296
137 50
52 254
407 192
322 277
29 147
86 174
5 352
107 29
256 131
226 414
358 363
149 133
353 50
270 91
200 297
410 228
270 81
301 148
347 218
398 92
360 45
191 27
169 350
232 153
89 319
205 322
389 317
149 81
58 410
40 353
220 154
360 22
352 203
280 363
310 14
257 145
257 63
277 110
111 19
384 102
131 185
150 364
337 308
285 233
211 294
278 9
138 406
265 113
31 83
207 180
371 194
321 369
166 377
3 315
158 244
330 44
396 96
139 280
183 401
321 95
70 366
181 413
215 235
350 246
267 65
170 416
184 313
12 330
222 133
327 38
80 47
110 283
207 192
281 207
62 79
355 41
234 72
11 291
103 244
367 60
127 413
14 361
327 256
185 221
120 200
397 96
208 40
115 240
353 315
334 245
103 208
247 35
78 262
305 376
372 111
327 321
243 232
242 41
167 8
360 17
173 202
55 88
24 231
14 354
257 203
21 29
269 205
407 52
308 86
79 176
18 287
118 97
182 225
311 209
152 224
413 52
205 350
166 365
72 113
396 236
161 268
167 86
349 396
45 397
278 60
259 74
71 240
389 48
304 165
27 166
359 188
411 42
359 195
313 215
308 75
56 274
22 13
25 126
338 124
133 195
171 271
85 352
28 234
146 283
138 186
155 74
277 74
39 375
120 50
226 299
378 295
121 169
157 173
354 319
342 60
75 176
150 416
223 218
141 139
18 88
76 378
139 196
381 137
311 106
308 38
77 398
242 250
148 56
89 324
155 30
5 102
185 164
6 412
83 296
259 39
191 386
43 9
301 139
24 124
125 267
194 20
396 318
210 264
56 34
386 325
223 377
46 143
141 277
123 113
5 268
21 335
252 139
273 220
295 101
252 326
289 160
233 207
370 26
326 116
102 254
310 165
85 54
230 254
325 372
334 161
347 22
31 105
333 210
394 409
56 304
302 285
49 188
380 268
273 350
397 313
367 309
405 98
177 405
39 362
153 281
154 291
250 91
330 34
86 170
37 36
217 86
162 70
384 96
243 268
352 64
327 3
123 5
165 99
39 82
326 170
33 47
115 328
260 252
94 403
119 290
137 317
22 274
228 46
146 79
417 111
357 204
321 54
114 257
16 412
270 180
189 316
278 25
305 132
291 326
248 53
39 404
4 15
156 274
328 302
46 199
264 118
216 57
50 42
71 250
196 82
132 45
37 91
373 86
294 199
15 77
89 397
382 356
360 295
343 131
70 250
412 345
72 381
70 166
31 358
351 168
305 410
307 259
235 65
68 386
43 317
259 147
122 286
240 348
250 24
409 125
189 267
150 136
233 211
385 177
187 180
403 11
411 122
273 96
400 238
191 319
101 24
317 212
309 221
45 223
198 285
138 89
42 58
305 73
69 276
373 27
216 44
65 42
398 278
207 284
16 89
313 171
205 51
136 47
228 122
137 174
76 228
9 30
57 386
389 374
252 69
398 332
102 241
108 377
235 314
27 147
236 320
299 145
263 268
163 373
341 141
277 340
167 330
8 211
266 163
186 417
26 262
264 384
346 149
94 386
269 273
175 162
60 197
282 176
239 77
183 155
382 351
239 410
74 9
111 141
47 386
156 131
37 50
318 76
121 19
136 145
276 110
203 262
389 10
334 19
312 327
160 188
258 43
228 222
115 279
34 189
61 95
412 169
177 13
37 268
335 334
185 28
342 392
111 286
327 296
370 334
375 414
58 18
91 27
160 18
45 184
4 392
148 370
411 217
166 395
168 413
320 230
277 120
21 102
284 340
130 221
96 252
313 303
231 360
244 241
335 35
301 266
414 148
406 198
255 370
190 298
178 91
96 53
374 303
327 397
5 166
352 187
86 322
393 18
294 32
215 305
113 362
281 351
261 383
274 99
346 377
344 320
299 76
42 277
81 314
238 374
19 271
266 233
338 131
303 75
88 12
213 57
263 88
364 43
23 371
210 290
342 416
192 339
373 306
186 58
387 220
383 268
258 249
283 144
53 56
139 305
348 77
323 167
144 349
377 135
409 199
230 114
67 259
151 81
173 59
127 206
123 406
58 137
311 309
272 398
336 149
37 277
97 291
190 297
371 247
135 276
146 76
105 189
299 158
358 412
106 305
58 183
306 58
246 124
354 337
199 211
366 328
148 332
402 12
140 18
20 79
407 279
282 289
84 151
88 339
9 361
301 407
157 272
131 169
51 305
299 108
334 139
138 146
51 138
257 40
388 327
280 20
301 143
305 332
228 266
373 43
232 23
195 20
333 301
367 228
86 243
385 376
330 334
227 166
411 48
63 350
55 181
29 234
249 113
400 211
357 270
58 343
281 199
329 69
101 326
225 56
86 9
244 126
392 191
174 120
189 334
261 250
369 327
126 229
304 293
11 144
162 187
218 133
182 156
312 346
416 355
248 118
364 329
408 279
87 162
383 31
170 192
390 50
339 354
64 316
296 174
412 34
361 2
359 190
103 81
141 369
382 380
250 11
63 65
311 188
49 86
392 318
72 368
358 281
278 220
186 170
115 65
119 132
168 374
163 392
208 321
152 348
363 255
136 387
388 191
183 369
8 140
136 183
301 183
3 340
136 376
26 143
192 157
141 235
166 91
41 215
275 188
181 302
167 185
57 64
26 313
398 69
136 31
5 214
14 226
62 50
264 356
407 103
330 239
399 231
287 215
180 246
206 407
371 3
27 310
312 345
165 390
342 337
370 174
80 65
108 120
248 112
26 211
297 342
222 366
190 144
186 179
76 259
290 176
5 145
268 216
292 66
186 235
178 364
358 349
129 151
242 190
130 324
226 307
290 324
395 302
295 233
93 46
368 247
137 192
271 96
208 348
361 46
33 386
157 209
162 91
51 398
377 280
5 24
391 24
8 9
11 182
258 253
163 217
41 73
379 258
114 216
60 15
141 2
320 398
45 383
412 188
114 109
336 43
245 101
306 319
114 276
325 216
392 122
192 247
393 305
274 300
116 351
223 160
284 225
154 349
207 242
362 380
234 47
329 186
168 131
36 348
163 31
221 151
109 276
37 248
108 415
125 257
309 50
301 207
52 102
300 328
165 282
2 198
24 1
261 79
112 48
273 73
399 250
376 375
378 93
202 157
285 219
111 299
182 344
73 284
399 310
242 180
9 318
4 249
295 115
270 3
201 91
157 323
215 155
70 372
362 168
133 172
380 284
380 124
139 193
64 356
378 32
202 14
338 299
75 44
79 292
46 135
92 229
79 21
115 45
35 101
65 232
416 399
342 417
304 252
303 151
79 83
43 132
161 292
294 227
184 395
337 210
337 318
49 241
158 312
308 52
330 211
39 174
286 62
15 281
180 241
31 108
341 5
188 117
395 155
164 331
7 11
139 350
87 406
188 222
220 243
301 176
347 272
198 156
357 243
402 25
140 409
209 249
402 231
178 81
213 143
163 14
334 114
166 348
157 61
182 37
39 161
5 364
240 81
116 99
187 17
26 325
207 277
186 93
350 137
118 353
142 212
385 312
355 99
255 259
251 157
38 23
107 369
380 14
292 280
33 96
48 241
212 169
296 413
134 197
214 354
344 303
233 33
347 170
359 189
173 133
189 12
46 33
46 158
219 70
406 288
131 288
122 202
381 338
22 267
37 79
350 185
396 249
92 26
119 180
346 298
63 185
165 231
283 205
251 87
56 255
281 193
71 358
62 391
231 57
14 236
255 336
198 189
234 330
403 152
324 297
364 105
374 272
400 407
245 265
173 159
111 335
317 76
358 78
326 76
414 67
65 335
304 67
208 245
149 266
154 31
165 380
81 299
313 267
322 17
34 319
271 234
132 208
383 216
357 404
87 402
169 280
282 390
97 136
327 166
323 233
316 254
395 402
224 82
49 389
22 12
2 242
222 185
272 226
181 54
48 298
7 36
41 60
200 275
154 296
276 60
117 247
376 83
137 415
206 368
409 169
231 75
245 170
284 353
158 217
366 184
253 194
318 340
179 345
140 44
324 377
308 293
93 307
398 117
226 321
130 412
76 167
39 206
329 4
382 390
383 1
13 100
190 304
54 353
304 9
218 148
297 183
16 183
21 107
236 38
296 101
358 254
204 119
65 92
346 224
318 274
109 193
342 267
91 68
299 10
142 181
369 119
248 75
91 265
137 280
335 155
410 156
53 315
310 10
368 254
170 144
369 154
154 15
87 189
314 399
52 311
120 358
19 213
258 409
314 119
286 317
81 380
81 74
315 115
287 175
65 349
253 261
308 325
372 29
36 397
315 386
310 352
66 136
191 195
389 110
274 349
243 401
146 244
15 58
226 370
16 57
312 262
350 61
167 253
296 136
52 168
383 162
255 136
259 79
383 40
321 105
156 98
93 289
206 344
201 123
347 130
94 136
339 347
344 233
64 110
179 98
191 184
353 225
414 116
189 409
252 98
22 409
40 316
222 358
413 111
171 42
119 1
253 87
415 92
41 147
312 285
271 227
120 142
1 231
259 400
251 149
272 228
414 260
333 138
274 53
46 343
67 173
305 248
311 24
323 373
55 130
328 94
408 120
30 387
357 248
68 118
229 70
251 210
149 83
20 90
166 125
32 140
391 77
285 200
183 309
130 393
329 255
24 335
389 34
239 319
240 220
331 89
302 94
131 36
105 347
168 375
257 1
405 414
345 94
282 392
107 199
167 97
334 363
44 320
351 409
148 286
239 65
293 38
372 317
163 228
399 68
52 239
116 229
295 260
230 402
229 36
218 41
398 38
369 210
290 184
14 62
224 259
186 47
360 352
127 173
349 202
9 333
412 322
183 99
293 149
407 207
253 406
359 297
168 251
400 411
234 125
301 344
202 414
159 371
83 29
8 414
168 368
376 404
224 416
251 46
16 68
335 237
402 329
277 398
219 263
410 402
226 239
234 291
217 385
27 372
138 322
48 375
77 130
117 272
28 254
118 11
363 367
95 316
364 252
48 225
154 409
22 322
384 195
263 284
218 97
257 252
133 251
15 116
215 322
397 46
34 192
230 331
336 230
183 364
22 50
192 209
400 202
347 189
140 267
252 309
243 212
179 301
394 71
57 154
279 393
178 346
262 19
97 272
304 386
155 366
6 138
76 384
58 387
243 136
201 266
43 24
341 221
290 300
249 89
23 293
107 399
36 43
24 137
333 56
289 130
304 395
267 217
31 75
290 87
382 138
327 409
64 149
356 354
12 113
95 90
346 348
343 68
251 239
120 293
333 375
185 345
195 250
117 309
328 377
406 379
109 88
288 16
51 80
122 61
343 31
343 91
387 266
172 206
307 372
32 225
8 407
390 16
406 154
257 153
192 51
382 74
139 401
35 375
318 257
42 244
13 250
221 417
345 241
78 142
73 103
311 243
20 129
23 324
285 290
318 250
333 66
21 258
29 278
289 57
39 235
100 345
44 110
126 358
128 306
272 171
155 137
276 241
62 99
109 9
71 405
52 358
350 274
189 122
199 233
96 179
315 127
375 97
170 89
94 392
223 280
209 399
105 8
350 387
2 125
247 366
333 96
160 210
332 101
98 386
88 47
64 216
384 399
208 300
41 273
383 144
407 40
163 83
124 381
76 166
347 290
39 304
124 377
134 128
248 56
365 118
1 125
230 119
83 364
313 18
55 344
78 348
383 257
58 35
380 169
73 69
271 253
90 25
413 412
5 205
273 172
15 19
335 54
145 384
214 343
233 153
219 21
126 336
180 80
52 313
45 267
7 77
214 215
172 228
148 318
357 332
108 36
335 307
351 395
156 354
350 74
55 200
19 141
287 273
71 183
181 159
167 332
221 184
136 167
131 216
336 104
130 273
296 370
55 364
222 193
297 13
96 292
90 129
62 233
355 235
377 104
175 37
204 352
107 9
195 89
106 249
293 111
329 168
91 358
244 22
184 93
386 92
181 414
28 310
246 354
284 165
333 358
80 84
227 177
68 152
322 401
85 319
24 336
369 245
95 304
223 340
309 383
67 317
29 228
179 77
291 29
325 199
248 178
255 402
394 280
219 267
294 182
315 160
261 371
162 352
392 39
341 401
2 290
37 333
295 10
359 177
226 95
4 387
248 141
359 105
58 127
29 212
3 161
246 291
188 61
198 54
15 35
117 364
192 246
31 366
183 12
130 312
262 359
162 195
237 204
96 248
29 109
353 371
360 6
51 297
374 392
248 59
409 209
82 269
399 202
6 223
270 97
220 65
254 364
245 246
102 195
36 179
254 400
101 400
224 15
49 370
404 4
340 140
367 67
223 40
323 248
245 411
174 271
252 181
314 48
40 101
175 358
390 36
14 292
301 349
355 21
294 228
135 416
47 337
231 330
274 334
94 119
109 273
406 398
313 62
410 125
107 389
89 187
90 341
359 91
12 293
302 376
352 219
75 207
25 295
15 273
375 317
406 143
267 246
323 91
381 328
117 213
32 243
39 188
11 406
117 389
142 269
305 72
167 383
8 85
164 278
181 365
340 74
138 258
234 164
298 344
401 284
380 324
277 254
25 338
194 113
323 320
57 199
174 143
131 159
30 160
13 85
101 140
407 204
328 353
99 193
294 414
219 32
309 306
392 237
344 358
82 401
159 170
372 199
343 7
66 70
227 412
25 313
371 241
46 129
322 117
241 411
106 250
141 56
346 104
8 350
85 16
228 282
51 90
219 358
407 91
33 369
177 349
160 196
68 210
180 53
363 345
180 252
361 378
25 192
302 185
142 385
220 261
373 372
29 52
117 14
119 361
176 264
250 205
200 353
82 390
342 249
310 212
363 376
141 159
2 249
176 212
108 153
408 224
24 121
36 216
29 61
52 173
185 223
148 44
68 51
340 365
146 194
32 309
142 309
152 279
292 243
386 263
312 367
263 366
195 30
29 254
298 41
400 280
273 97
34 211
69 204
313 391
163 8
413 101
16 286
179 405
236 90
191 244
169 99
207 135
272 11
126 13
38 144
195 163
381 324
46 185
259 378
283 417
157 361
107 228
417 163
189 365
198 30
385 238
236 262
301 403
56 6
385 88
228 316
412 208
225 129
353 410
393 215
114 191
29 178
78 81
366 348
221 246
382 346
231 82
372 89
391 60
22 106
383 254
92 212
329 263
306 232
71 354
1 263
342 204
67 378
8 325
188 50
304 407
13 60
405 360
94 102
381 340
386 1
378 191
303 284
196 102
239 92
221 355
119 258
75 150
320 412
334 105
137 339
81 222
334 103
386 60
183 167
218 200
327 245
378 60
267 205
236 34
389 114
259 286
76 195
238 150
104 70
68 380
370 285
86 387
363 75
27 262
299 381
163 207
85 341
36 66
129 385
416 220
315 50
195 339
85 102
298 374
86 158
106 268
34 320
386 286
259 119
408 237
161 175
366 316
191 337
38 276
296 236
222 271
339 149
343 304
216 77
86 356
31 283
120 335
415 283
116 39
379 53
9 257
132 196
355 300
61 36
145 260
416 378
95 357
166 356
27 377
312 376
305 339
415 159
379 412
163 300
265 42
307 360
139 31
126 51
208 407
10 324
59 83
62 373
363 234
207 226
107 375
58 121
85 248
199 172
274 304
366 392
118 347
86 193
300 12
366 368
85 69
217 406
360 228
229 9
361 155
125 191
308 66
310 16
72 310
391 2
359 101
317 228
371 149
392 314
97 180
40 305
40 93
189 394
56 217
189 300
345 156
129 291
169 369
52 293
384 317
122 193
3 216
9 157
127 50
122 309
410 391
359 322
256 200
236 394
113 21
413 75
360 268
287 14
76 313
269 7
350 398
227 286
242 233
67 382
394 202
380 185
24 160
315 89
396 149
155 166
105 9
159 352
133 105
204 7
14 85
382 91
143 248
270 127
151 374
80 316
362 78
50 360
250 116
303 252
332 4
336 288
365 179
48 40
165 101
234 321
126 109
332 185
147 121
199 23
215 415
291 68
381 398
201 243
338 240
78 298
57 23
254 53
326 214
344 12
141 209
168 139
261 410
240 231
65 31
379 149
355 148
141 378
10 3
202 335
362 225
364 143
203 279
412 75
337 401
249 273
191 411
228 370
301 15
138 189
29 198
166 397
162 96
180 237
344 88
222 189
158 387
309 201
395 89
216 213
189 20
355 62
364 308
408 292
180 275
87 76
47 161
157 2
225 143
341 304
371 218
379 323
358 261
413 145
240 297
361 133
281 172
377 272
125 181
208 243
48 210
275 116
240 246
173 379
117 294
212 144
28 207
150 262
85 231
340 311
113 23
300 157
295 69
381 334
138 334
258 86
30 336
397 11
366 120
287 260
266 214
301 137
306 320
288 313
100 292
165 218
352 222
277 363
332 204
256 196
203 287
412 124
220 346
415 295
212 314
208 269
101 29
234 404
229 342
266 169
193 302
256 191
237 374
339 69
394 220
364 206
33 329
198 374
135 390
64 408
304 31
251 314
385 79
137 274
225 241
27 194
397 386
388 32
98 57
167 195
168 348
140 416
280 294
17 389
238 274
40 159
152 287
330 170
89 196
210 121
408 87
413 142
238 204
208 110
367 318
26 155
413 36
235 28
323 321
315 98
360 257
276 74
145 276
106 103
221 125
359 67
37 310
295 226
3 7
157 38
344 133
160 249
53 334
162 210
410 88
105 360
141 148
99 94
229 132
306 313
62 70
377 118
311 248
305 152
378 56
285 186
222 88
131 359
303 337
399 222
28 277
132 226
201 155
286 302
326 254
137 327
91 56
371 43
64 261
283 64
317 190
66 279
15 330
45 298
296 161
400 347
128 355
267 330
98 76
194 202
89 257
195 52
119 48
307 312
346 38
390 33
22 75
379 239
180 134
126 206
392 47
202 59
93 380
41 66
210 342
322 110
374 166
286 374
413 150
15 386
205 23
127 244
276 139
373 22
72 297
204 246
211 90
286 270
323 158
110 152
305 260
61 219
192 91
358 359
119 229
257 6
399 391
384 155
180 68
333 144
108 67
135 149
244 170
245 181
240 156
5 118
166 254
201 341
63 108
25 201
21 192
71 347
83 99
253 392
346 339
335 254
229 359
160 326
415 134
40 193
90 317
288 102
178 83
212 120
135 165
244 402
299 42
48 168
384 8
314 352
333 337
149 60
255 103
331 294
248 304
352 370
58 331
234 360
172 284
400 235
278 410
98 369
110 161
209 71
42 408
206 263
415 218
109 289
25 403
104 280
222 211
1 20
169 13
202 126
193 200
120 166
66 243
64 334
294 243
405 120
186 303
358 148
1 402
248 398
321 251
257 177
198 252
311 293
161 358
70 105
197 184
133 269
243 216
33 103
272 98
93 372
88 221
31 167
107 55
319 404
80 69
219 345
130 228
105 168
98 292
151 357
246 412
161 87
58 197
67 175
199 183
49 156
265 5
272 41
15 352
264 17
287 140
255 158
161 319
76 21
293 318
192 17
142 119
151 72
384 294
95 9
230 136
166 35
348 61
378 206
160 140
67 125
368 74
115 386
377 202
54 151
75 369
147 82
344 227
132 4
260 331
54 350
174 93
14 90
282 48
251 242
339 152
220 72
206 244
348 148
135 99
28 353
365 353
155 25
360 12
362 194
330 290
401 85
356 266
349 239
408 361
158 71
409 314
165 84
296 89
74 359
380 397
402 303
235 367
217 74
169 229
69 350
212 224
83 127
240 11
220 133
137 223
318 252
127 382
268 331
282 269
311 320
186 216
64 27
343 11
274 72
237 404
170 337
64 417
27 67
172 169
171 167
408 177
256 165
375 92
148 336
52 122
79 101
188 312
87 102
37 221
382 148
245 249
230 50
248 2
273 369
26 254
111 30
44 180
292 200
312 36
90 128
294 65
315 231
235 231
263 184
392 265
251 33
239 295
316 140
184 87
251 83
284 307
89 396
397 115
362 347
304 194
180 109
273 288
275 202
407 181
287 211
201 414
292 143
161 217
297 407
305 109
391 384
296 377
91 290
35 369
74 195
338 414
75 14
251 76
244 289
367 125
326 321
38 380
25 88
239 212
148 236
393 53
7 126
147 397
320 215
286 58
150 146
77 208
54 338
288 241
267 224
359 33
262 243
240 321
371 69
33 167
247 142
199 21
406 336
65 95
296 176
250 275
71 265
76 37
265 70
85 388
57 399
39 400
71 11
350 125
219 304
374 305
79 132
353 393
407 251
180 75
161 312
30 293
204 394
416 304
201 2
10 360
126 380
367 348
312 256
340 71
347 281
314 71
369 103
206 160
114 298
310 251
187 113
83 394
73 160
214 268
338 380
167 262
49 254
396 151
250 346
77 330
33 274
328 357
365 385
348 378
89 55
115 387
303 348
89 188
218 125
116 200
149 415
96 395
205 347
100 323
60 311
23 277
164 37
90 274
216 14
301 94
47 202
339 260
58 367
20 386
277 6
16 70
226 108
266 17
36 406
151 343
275 29
87 327
140 196
63 41
179 297
399 24
146 243
362 226
3 405
401 327
4 48
344 249
250 95
299 384
44 69
241 112
336 260
44 199
92 277
385 344
358 374
109 151
89 79
317 401
237 113
157 412
242 331
61 190
151 6
78 412
350 204
352 59
289 190
15 26
100 406
270 47
80 267
248 249
330 237
178 249
122 308
235 292
77 389
357 408
315 276
29 252
37 149
199 385
306 401
299 38
205 247
381 353
123 174
300 22
9 321
106 119
139 72
250 190
334 213
317 160
45 403
266 262
280 258
160 61
120 337
295 89
261 288
372 22
20 407
246 370
172 232
79 51
227 396
268 107
306 146
87 109
277 406
114 260
243 156
70 152
60 377
331 252
347 81
198 315
165 18
150 295
179 143
229 232
270 361
215 249
98 41
231 194
79 163
142 255
304 241
31 352
335 184
24 63
316 271
98 332
386 49
157 210
352 90
278 228
394 53
47 340
201 220
28 58
208 65
322 342
110 122
272 183
131 267
257 161
273 318
250 160
223 142
19 191
261 190
247 395
368 406
40 9
320 58
143 404
266 189
182 5
251 78
331 271
269 206
210 293
23 32
42 219
67 319
320 53
282 152
8 157
395 122
56 410
85 328
363 266
175 49
63 241
335 364
251 206
167 119
182 173
213 386
211 380
240 300
253 10
20 72
177 393
358 10
55 28
64 223
295 153
139 64
83 63
141 300
90 327
48 194
55 113
143 282
56 349
411 33
218 409
58 261
196 304
364 355
219 80
2 28
402 64
213 113
161 78
2 143
325 340
187 404
102 218
344 397
328 356
405 8
163 351
100 332
68 341
195 25
397 126
275 320
240 56
207 390
70 30
124 249
334 29
294 396
339 259
399 405
417 100
278 63
400 196
31 161
112 131
349 110
1 272
416 335
10 103
230 110
212 202
364 175
154 370
57 176
21 33
92 98
274 293
4 340
290 171
37 104
328 134
44 3
141 69
191 369
404 354
87 319
264 123
304 134
12 365
50 23
75 181
208 378
272 410
245 416
195 196
228 145
79 265
412 402
184 200
190 331
293 368
57 2
283 234
236 326
212 134
317 251
167 285
215 395
255 214
254 46
142 288
102 62
167 355
375 45
65 26
92 155
397 256
378 7
240 6
91 362
398 268
126 216
312 81
226 38
96 4
329 200
311 64
15 351
37 215
187 140
350 303
138 410
76 3
212 52
217 137
259 112
76 155
75 283
267 15
13 120
118 376
354 304
71 402
180 212
304 286
282 170
159 381
397 396
122 135
336 370
55 144
328 218
24 168
24 90
390 228
252 80
345 278
331 183
289 408
85 51
269 297
70 244
244 388
31 221
348 284
385 23
170 140
131 259
372 273
122 205
252 137
230 223
374 47
54 282
46 120
184 117
38 91
15 190
363 391
110 51
220 150
335 12
345 14
20 142
276 300
135 138
6 406
300 114
14 143
358 170
385 234
411 157
374 91
361 383
379 232
402 175
6 273
238 361
17 351
55 30
292 112
64 75
132 412
311 400
354 308
6 375
241 251
337 408
55 367
377 360
81 63
194 330
70 163
183 126
2 44
331 87
223 141
106 294
80 261
11 353
161 55
177 281
21 157
131 132
228 328
102 121
100 342
249 122
138 106
337 172
269 144
193 25
416 284
237 277
188 205
167 414
28 287
290 172
370 326
305 288
316 52
352 19
409 252
155 47
206 68
108 115
407 99
303 194
62 150
294 93
32 401
173 172
124 334
388 389
272 250
124 283
248 352
123 334
39 307
333 78
77 327
261 304
295 15
170 227
37 201
176 368
250 210
311 11
157 348
82 399
141 331
210 280
307 154
209 166
179 121
403 158
403 79
181 370
296 299
276 212
90 315
156 349
223 150
365 182
55 251
391 52
257 376
193 230
64 230
14 104
223 29
200 148
368 245
307 388
252 135
268 185
53 207
213 130
9 394
147 179
388 45
386 90
109 280
371 329
164 235
72 286
394 191
41 407
3 380
50 5
272 288
161 385
319 361
193 241
176 117
234 351
264 24
260 348
168 28
54 232
306 38
81 311
180 210
205 16
167 218
380 21
369 110
107 52
177 374
261 251
374 72
90 255
223 368
99 275
117 268
235 345
395 18
163 181
203 66
76 261
398 36
176 222
325 110
98 323
207 169
64 219
237 275
235 297
260 56
152 299
172 240
385 152
57 364
309 377
165 209
244 327
63 322
349 291
395 222
370 200
25 284
408 90
10 314
326 29
179 354
314 7
57 104
188 78
331 384
176 63
25 387
375 229
368 376
140 309
343 179
146 2
151 12
124 399
294 359
5 392
383 212
108 361
384 367
75 126
51 321
168 36
187 5
392 272
403 222
80 265
274 197
370 50
236 185
24 276
144 397
290 305
232 81
367 197
314 332
50 374
55 100
102 79
14 13
182 4
280 254
384 105
126 46
207 263
195 306
303 49
338 257
311 218
244 263
29 196
275 346
126 287
405 223
77 395
89 172
164 99
102 295
168 76
124 210
253 193
350 91
159 1
60 284
215 144
35 43
416 89
150 261
165 313
228 11
213 317
2 19
352 389
132 133
327 11
245 301
325 307
236 272
417 278
383 224
18 280
409 184
261 229
167 257
372 314
279 205
37 49
187 108
267 11
414 70
216 389
398 192
190 68
249 392
56 101
360 126
340 371
148 13
265 56
26 250
62 293
374 258
39 73
387 208
89 119
342 43
355 392
320 4
64 45
213 154
100 77
185 105
162 348
201 267
297 329
352 47
271 309
284 76
28 325
293 194
47 338
250 276
238 339
38 333
42 377
30 4
330 101
17 222
299 178
398 257
88 24
271 270
68 46
104 277
49 253
410 347
204 44
382 68
357 90
301 328
376 82
174 244
109 243
340 125
347 383
340 113
395 319
243 9
367 179
136 281
223 279
67 388
401 118
311 25
199 255
284 404
114 131
331 149
229 153
282 77
279 33
345 168
126 93
272 27
341 280
3 157
80 169
306 2
118 390
247 387
416 136
18 52
307 83
182 253
151 261
221 233
136 115
12 292
297 203
43 23
169 85
136 175
397 300
104 353
88 183
229 38
190 254
159 200
313 35
64 25
142 265
158 345
398 253
279 387
104 375
108 147
202 120
293 117
261 206
276 199
37 415
13 210
321 315
190 5
317 318
32 236
264 333
92 126
378 69
210 122
142 318
308 114
247 277
11 224
112 158
74 271
186 199
328 99
233 22
262 269
52 57
290 178
227 20
338 292
272 210
125 116
216 370
405 372
267 123
38 162
186 77
417 14
88 61
266 209
331 237
158 159
128 326
224 134
211 229
157 109
68 279
262 385
35 112
39 31
341 30
309 42
401 198
291 195
235 177
362 394
214 410
279 238
264 233
275 126
95 286
331 109
396 105
220 144
401 387
37 316
253 209
320 355
80 377
249 376
257 91
183 363
276 118
80 327
232 312
49 96
198 320
61 10
360 106
86 88
163 382
115 3
334 33
379 147
50 157
217 228
292 266
398 210
404 166
29 405
387 134
298 56
36 337
219 127
413 100
225 171
95 222
186 380
389 181
203 109
175 215
212 97
379 286
143 185
331 313
415 341
243 330
281 210
122 264
31 41
257 402
268 128
38 112
17 167
233 414
323 405
16 300
234 132
414 366
164 416
87 288
316 172
150 392
293 278
147 3
34 250
242 6
293 380
220 305
109 396
306 233
69 92
18 109
295 229
394 329
372 363
278 405
275 76
19 196
101 407
281 9
340 239
210 76
237 14
412 136
299 134
5 60
317 159
37 241
256 9
235 389
313 45
73 405
257 254
162 127
192 348
142 161
151 308
211 341
123 188
90 330
118 359
338 23
84 266
378 307
354 175
292 226
141 391
165 52
60 108
274 395
158 258
76 213
341 241
255 122
334 145
251 192
93 99
181 275
67 162
171 249
137 63
16 73
100 50
262 46
352 136
70 363
51 379
364 40
26 89
359 160
129 219
283 372
320 28
259 265
46 306
10 233
414 58
85 405
302 162
137 367
270 58
235 26
379 265
189 132
344 67
55 58
253 296
365 293
76 186
215 343
229 362
328 163
220 134
205 176
188 301
399 249
187 360
273 282
127 204
117 48
334 291
47 398
7 186
251 32
327 352
379 79
394 182
189 328
339 336
281 378
156 265
377 183
283 346
369 398
148 121
343 374
383 228
70 53
189 225
277 334
294 285
177 276
145 288
196 104
10 192
344 238
42 80
289 24
350 60
205 261
13 51
210 283
48 268
121 226
133 73
335 138
143 125
231 142
258 232
327 323
376 275
338 332
79 309
331 54
404 56
391 204
114 94
267 406
364 163
17 99
139 79
260 107
128 338
245 106
233 402
4 407
265 150
48 356
143 226
216 396
370 82
159 182
227 159
343 40
121 279
250 412
182 338
235 96
110 8
90 409
323 145
173 389
59 24
198 413
345 183
343 101
236 253
109 26
84 246
83 380
205 100
77 258
290 299
193 263
295 404
393 6
203 32
223 186
387 411
257 157
228 9
378 262
395 265
290 263
415 6
210 47
129 263
282 69
200 192
216 178
137 295
132 274
203 130
356 278
360 336
311 366
355 78
322 285
137 365
270 265
9 136
367 303
377 156
71 398
91 217
128 298
54 128
382 305
219 257
360 262
394 81
183 361
138 57
133 355
106 236
325 29
231 387
313 252
341 204
66 26
164 90
125 172
221 376
319 185
225 204
81 226
358 356
65 255
26 228
348 8
317 122
319 200
102 193
395 58
7 263
381 376
146 190
284 103
197 294
404 152
117 265
186 390
267 70
384 110
214 198
273 39
150 415
131 320
14 328
195 405
389 125
124 238
207 70
219 46
347 282
3 92
32 295
66 257
74 280
86 2
129 360
222 348
284 218
153 173
174 411
166 153
330 275
345 130
81 377
413 134
313 370
286 219
266 198
397 16
369 404
349 332
210 136
229 332
111 42
93 1
124 308
185 389
330 19
209 223
336 216
314 292
4 81
235 105
129 23
88 371
53 218
237 20
417 268
375 399
60 52
352 270
54 160
56 275
227 12
225 152
295 70
396 65
289 95
269 252
247 308
43 157
95 374
333 98
313 118
202 297
173 78
208 90
398 32
306 289
95 17
244 200
311 149
158 368
217 261
124 125
48 123
145 246
93 67
383 66
252 208
68 175
305 352
131 327
302 77
410 187
117 296
389 342
159 237
210 248
309 86
302 95
359 84
232 352
221 220
60 78
194 339
13 240
143 233
35 267
297 197
275 71
254 163
323 403
355 357
161 34
136 7
232 327
25 153
146 266
278 361
414 108
8 147
280 81
7 121
337 230
38 92
82 108
241 263
376 380
211 404
232 181
218 220
139 219
287 300
205 383
134 57
51 246
252 17
388 373
98 211
405 84
316 249
112 329
336 90
44 41
100 271
198 55
348 41
172 250
256 14
242 394
223 233
293 351
217 260
50 73
268 8
293 287
313 320
389 316
118 34
103 248
285 402
97 64
86 133
181 173
350 157
150 331
377 393
128 226
243 296
388 19
377 98
253 103
367 99
320 115
145 132
124 408
127 337
316 15
53 52
373 258
141 152
29 81
191 100
276 33
388 118
125 256
84 103
157 401
42 226
363 275
9 174
11 202
307 288
239 275
253 300
19 188
315 23
28 336
326 417
237 376
300 105
236 124
280 29
126 413
220 132
126 241
221 80
396 70
78 51
341 247
231 300
219 415
206 28
357 56
228 84
297 66
286 177
265 193
34 24
366 394
204 28
414 192
114 344
97 298
24 379
252 63
250 393
279 405
348 37
190 225
258 406
184 234
44 99
5 136
135 32
326 325
270 259
68 415
45 226
114 97
371 258
359 28
274 219
181 372
264 131
41 124
415 20
162 415
137 254
208 145
12 233
134 28
37 292
322 139
126 103
249 227
324 218
389 307
318 174
306 117
285 16
311 27
42 107
166 71
17 328
162 296
101 73
26 222
193 194
85 415
10 343
372 376
231 25
122 45
85 362
205 12
160 194
42 15
184 136
378 188
134 32
390 126
276 235
179 101
222 345
222 186
242 413
32 98
189 220
413 105
60 319
401 214
271 315
228 257
365 241
381 354
96 281
177 404
186 66
368 262
161 144
365 342
336 167
216 348
97 294
50 245
412 372
14 45
136 212
48 148
328 250
174 38
273 140
55 361
380 344
274 393
283 400
214 70
414 415
322 314
25 360
19 85
251 172
293 161
373 265
55 170
196 40
314 141
200 103
159 409
90 68
370 265
364 87
374 342
384 224
405 243
91 287
218 358
408 131
137 400
241 206
206 22
178 343
270 117
154 257
222 332
140 304
162 364
274 309
97 407
399 32
59 404
161 303
13 219
252 281
70 211
384 270
230 172
64 306
340 78
88 325
79 316
1 293
265 244
362 294
68 216
291 235
267 228
290 297
387 321
172 377
387 98
43 143
287 16
178 238
65 41
326 318
224 66
169 267
125 373
381 74
174 89
38 373
30 11
53 177
319 154
315 336
71 121
258 125
239 3
24 414
226 54
351 80
385 298
412 58
8 248
336 304
359 51
315 327
254 217
49 80
171 210
133 24
140 188
372 15
102 281
104 291
309 334
270 217
148 139
103 31
281 214
106 301
348 225
147 36
391 292
246 11
198 43
116 37
24 111
347 1
212 373
242 32
154 132
236 411
204 403
264 303
305 140
114 401
300 17
317 34
7 93
261 373
303 393
8 250
85 125
235 158
142 236
400 318
128 168
306 230
412 22
403 46
389 130
150 258
235 289
400 173
32 99
391 235
82 152
188 295
249 35
404 363
243 342
70 146
75 43
54 281
267 132
64 68
194 163
83 167
315 397
267 307
199 370
195 201
216 48
143 27
34 107
187 172
267 325
408 32
391 390
220 106
30 300
253 323
312 235
213 165
323 25
196 398
369 72
95 314
120 170
298 193
174 54
88 405
413 185
47 414
208 84
276 16
114 320
239 150
346 57
18 215
162 349
212 153
216 167
255 16
23 3
325 180
338 275
351 345
402 366
172 333
119 288
148 40
138 2
212 8
68 361
15 320
335 285
87 192
384 26
379 389
193 44
257 162
252 248
127 353
119 397
292 252
274 94
139 390
373 79
68 120
148 128
414 361
112 12
378 34
362 154
399 325
181 184
361 277
128 149
90 361
9 381
158 37
63 231
327 365
137 264
73 278
366 71
102 96
150 26
250 112
141 168
301 189
190 337
62 266
124 25
6 286
232 299
121 367
234 158
45 32
193 17
344 28
199 225
192 108
6 285
70 198
227 153
157 67
117 180
120 62
413 135
162 48
60 374
165 4
214 282
71 397
10 261
216 46
40 236
65 30
32 67
270 284
326 414
111 129
250 374
7 163
121 223
340 187
339 286
407 284
348 313
257 44
127 344
111 218
345 203
258 396
140 80
87 63
140 69
166 230
74 67
242 167
412 347
209 193
53 211
223 320
236 138
205 1
370 291
35 208
358 221
284 242
13 324
260 196
92 261
267 77
83 115
190 53
69 270
256 251
308 62
18 145
349 205
331 276
134 374
417 365
348 83
274 333
227 176
219 343
359 249
412 73
77 329
203 238
367 365
86 3
194 207
376 283
213 332
136 99
200 132
98 101
88 329
324 207
51 139
101 77
72 37
97 275
380 184
125 14
159 248
96 178
95 218
261 376
161 107
320 89
397 375
26 141
259 353
219 157
59 79
340 302
282 255
107 343
4 229
321 215
352 130
128 406
290 156
327 261
400 365
91 153
129 144
299 163
334 297
271 41
44 234
243 316
276 267
95 39
404 298
144 341
14 183
190 322
295 23
138 127
241 349
112 270
372 295
63 369
150 395
95 410
9 81
206 77
247 362
256 236
265 400
25 202
56 215
352 357
248 271
185 270
260 119
74 214
197 199
208 220
318 134
377 289
382 153
412 179
18 167
278 285
364 193
12 31
344 378
197 380
86 137
158 8
214 61
141 386
398 42
264 165
390 174
401 21
257 45
57 350
316 303
299 68
106 124
221 238
115 139
331 30
115 282
43 229
368 280
280 33
124 368
336 165
4 164
11 303
397 342
94 215
81 131
83 7
12 172
159 179
386 175
292 300
282 246
259 172
124 386
146 161
101 285
268 149
386 77
154 335
147 280
397 202
56 258
62 295
389 302
105 272
61 261
246 261
108 19
412 56
183 138
94 137
243 372
241 106
273 370
393 129
384 39
52 272
217 211
159 48
321 415
95 271
385 183
84 340
329 44
66 305
57 174
247 275
284 295
193 54
319 379
312 128
394 256
94 341
329 40
389 258
240 233
359 27
8 206
11 141
231 174
172 103
212 125
344 90
65 123
247 101
110 374
245 45
217 392
105 355
396 43
200 185
289 186
260 167
105 237
394 133
214 313
125 96
310 398
86 274
325 50
402 210
109 164
232 118
294 295
237 158
19 264
297 384
264 196
177 320
53 141
249 137
130 177
280 181
43 302
406 88
136 292
9 121
76 238
412 111
80 359
307 262
127 132
33 416
269 72
38 78
246 383
34 53
17 239
145 100
326 106
247 50
158 165
71 179
92 53
208 398
236 150
21 149
275 359
240 142
399 336
413 60
405 2
173 104
370 98
146 95
188 225
113 145
247 377
285 56
162 326
50 89
390 2
203 157
411 37
318 229
242 334
205 360
265 92
265 346
124 335
197 331
394 279
85 95
286 3
251 313
214 417
389 263
25 291
243 103
12 390
288 369
123 325
197 322
268 286
243 362
262 92
313 90
16 227
137 160
208 25
157 390
53 247
377 375
43 285
353 416
132 242
384 245
294 200
138 74
245 42
333 186
225 368
348 415
416 35
167 312
84 388
217 79
241 394
162 153
266 329
106 388
305 120
221 369
136 343
183 288
365 230
288 92
4 405
334 375
25 52
111 155
214 134
132 126
254 276
123 366
348 32
30 319
233 72
85 70
206 69
392 399
205 318
392 289
112 407
400 123
166 138
346 1
202 83
132 216
266 72
275 405
146 333
219 20
24 100
7 241
407 65
314 178
332 14
109 351
373 129
157 415
145 149
220 79
310 112
181 371
20 21
326 297
360 235
181 57
146 216
156 342
45 113
115 303
233 394
161 38
3 358
254 107
196 184
373 344
377 5
243 73
32 123
167 6
271 58
151 359
350 414
177 78
210 32
353 395
357 98
224 161
123 99
90 34
390 329
301 363
97 397
91 136
408 230
265 32
20 221
267 365
149 192
402 194
364 213
277 347
183 78
67 78
165 64
414 18
163 219
246 398
166 373
343 285
72 371
182 216
11 207
409 113
323 131
256 179
376 353
241 86
27 84
160 287
124 118
132 293
338 69
292 384
265 155
84 210
103 250
228 320
112 353
118 138
296 402
209 352
200 415
107 112
293 198
380 67
160 112
255 389
404 338
51 239
188 347
314 324
40 12
304 307
148 19
230 125
298 225
332 300
30 416
386 196
112 40
381 15
386 37
398 231
74 286
251 74
67 83
292 50
192 110
176 218
349 249
41 347
21 52
57 391
274 76
339 95
21 38
303 102
58 106
64 103
40 351
189 412
292 165
269 4
167 280
258 161
143 30
273 164
92 4
18 340
383 70
63 362
320 140
28 189
251 281
361 207
131 102
61 380
211 188
90 78
36 267
234 159
291 17
183 380
136 375
144 338
167 328
201 237
2 226
133 378
111 179
296 260
335 275
11 53
180 331
344 129
228 288
162 408
77 28
276 322
96 163
221 101
191 377
96 200
380 290
187 50
402 258
96 278
50 112
334 119
358 389
128 20
184 40
198 115
392 58
206 356
46 37
211 62
168 67
282 118
150 213
4 133
282 156
115 42
214 337
355 189
223 135
171 263
385 270
82 385
172 272
114 204
243 4
166 217
262 194
141 316
139 106
198 68
90 312
295 332
114 121
300 252
77 198
261 71
398 129
56 416
356 240
236 23
122 167
222 293
109 163
396 27
80 413
54 87
389 194
281 217
365 331
362 258
134 115
349 58
161 318
361 16
182 92
2 366
273 49
277 157
185 125
126 118
22 200
72 344
127 84
20 243
293 408
356 394
50 101
245 314
293 395
16 13
327 82
101 269
91 93
280 409
87 44
255 91
382 104
298 209
182 109
230 65
278 92
271 406
129 64
172 15
217 5
142 65
188 415
228 344
369 96
43 383
179 23
384 115
131 364
148 173
221 250
381 146
235 18
249 151
123 271
228 88
125 137
40 140
13 303
282 185
160 84
78 222
284 156
253 374
293 102
164 77
105 278
412 304
33 353
126 255
160 74
360 365
358 1
113 311
162 88
235 403
96 247
342 321
308 210
193 312
165 9
41 384
239 331
391 136
269 392
250 237
318 197
78 69
267 23
251 38
360 54
123 138
269 96
76 162
15 136
330 303
331 97
121 287
106 239
415 372
387 250
109 327
24 367
117 130
372 337
106 79
106 291
188 325
2 208
382 370
295 57
112 358
304 347
341 318
204 295
301 145
119 247
344 137
120 361
387 10
293 21
21 229
310 346
379 269
102 226
246 162
379 374
381 253
349 198
222 234
105 116
45 181
297 365
193 29
37 74
276 103
159 121
267 99
93 290
341 100
198 278
173 391
272 253
407 405
278 137
52 132
187 124
124 87
50 206
87 120
351 71
168 127
327 56
218 281
201 176
72 294
235 343
183 194
184 4
363 416
22 14
64 234
371 86
337 119
72 38
305 319
102 35
356 408
40 400
411 81
405 378
34 371
231 54
229 164
251 294
394 10
225 24
288 138
32 40
17 170
275 228
92 107
196 226
104 304
376 220
106 287
204 99
338 82
34 367
297 366
184 326
235 148
400 351
169 141
362 232
13 329
263 373
208 320
301 31
274 292
231 72
10 332
365 60
300 392
162 183
5 285
217 295
290 400
137 276
39 84
243 317
169 136
33 397
86 279
12 271
37 278
346 336
202 210
31 296
232 261
32 109
246 414
246 349
166 223
136 233
204 180
391 416
111 47
143 57
15 43
235 157
97 94
283 313
207 148
105 290
249 9
279 324
286 195
224 348
287 276
313 8
350 248
399 141
214 180
60 279
332 254
266 57
20 48
310 289
310 152
93 348
378 14
33 298
13 360
391 280
210 134
121 403
101 52
162 402
38 409
248 320
239 311
17 234
117 76
306 328
17 89
279 170
347 153
177 275
31 23
297 263
327 213
129 94
329 312
177 369
191 140
336 371
21 414
403 71
282 173
358 235
329 148
194 310
101 309
232 355
207 124
46 333
56 299
93 54
178 223
196 381
104 410
127 364
207 294
143 77
401 399
19 397
280 215
121 23
25 399
117 106
72 84
317 377
250 147
331 196
145 196
285 63
42 176
347 265
219 69
252 214
279 313
379 308
287 247
129 415
162 290
228 265
374 236
162 176
193 164
95 49
72 49
395 139
249 206
29 130
80 150
353 325
352 43
243 77
190 96
404 323
274 234
257 262
325 268
350 333
36 356
243 281
174 87
239 40
76 279
306 366
332 196
132 350
235 2
277 234
76 282
284 40
210 346
400 75
84 131
91 357
126 24
115 96
166 270
334 78
348 394
63 68
313 296
31 7
331 13
152 338
3 278
167 191
259 150
11 407
295 297
229 329
309 378
349 44
309 386
6 199
23 203
50 15
32 359
145 254
92 60
222 49
288 95
88 98
388 16
277 238
412 203
360 125
317 344
29 103
57 317
8 245
352 387
266 336
77 228
98 12
203 129
332 410
207 174
178 202
232 365
34 265
128 122
103 36
240 324
245 337
338 334
13 263
159 157
209 189
226 258
10 144
294 98
390 239
248 400
404 309
190 187
404 213
119 188
266 308
231 135
18 334
355 281
84 263
380 319
10 237
265 405
61 307
204 278
347 51
221 187
33 268
283 38
25 94
227 71
215 147
34 171
119 320
54 382
104 224
203 283
95 294
350 89
9 352
244 58
39 10
232 57
137 84
220 54
44 313
406 132
409 270
112 298
285 326
288 229
297 79
206 13
346 254
208 85
337 234
289 149
107 300
85 210
141 1
214 144
3 203
373 397
318 324
329 196
64 164
147 221
253 389
135 39
24 417
214 316
82 19
415 352
269 48
114 81
283 85
412 331
186 316
191 115
123 172
15 91
328 7
385 19
28 84
298 300
353 322
363 350
313 82
67 358
93 221
159 245
6 39
141 85
414 157
133 253
29 118
143 215
324 364
402 324
50 255
293 347
7 354
367 70
131 181
280 245
95 33
186 120
91 386
373 224
60 140
228 196
58 348
267 130
339 163
362 277
137 172
217 367
124 148
109 247
354 352
95 144
91 4
2 212
105 230
251 291
146 368
143 306
176 253
407 31
376 110
253 164
131 130
174 333
414 360
3 47
384 394
13 91
333 297
219 351
155 210
96 211
338 49
30 44
26 302
194 144
54 258
312 96
51 336
181 156
168 341
322 42
393 282
107 54
158 38
143 122
100 175
207 414
75 397
317 211
327 150
339 328
13 284
135 147
334 373
410 200
55 66
316 129
247 1
71 338
142 251
273 65
313 102
38 175
24 82
62 78
113 309
140 51
244 21
338 30
378 30
383 247
226 158
310 69
370 292
129 288
164 255
55 236
324 72
15 310
367 30
207 338
331 187
316 63
151 112
331 371
67 351
182 119
346 334
317 381
366 317
238 389
356 169
362 330
288 147
107 195
17 213
24 400
265 320
315 34
358 255
347 357
34 269
45 319
26 178
292 80
74 115
321 153
35 386
283 18
92 199
4 355
304 259
231 350
226 310
165 157
361 57
364 301
173 280
161 219
414 205
2 62
203 327
165 293
99 268
33 358
387 410
399 86
230 142
107 144
27 51
218 232
57 378
329 55
353 145
349 60
34 297
279 7
91 88
248 46
357 37
140 301
196 360
90 130
203 304
285 280
380 71
111 235
290 388
262 373
396 40
173 399
251 114
380 111
90 217
58 295
183 276
294 290
60 208
33 122
101 401
353 340
304 7
50 417
260 110
130 5
383 202
199 43
125 118
15 47
330 279
321 220
344 277
26 389
74 76
180 348
384 198
228 38
284 49
177 406
120 43
77 356
153 103
239 168
45 130
164 98
409 263
158 212
136 118
360 368
321 112
192 230
136 402
18 111
197 130
158 127
103 401
109 402
392 401
179 406
25 237
337 80
414 368
399 38
131 275
184 158
29 386
217 415
47 279
62 177
26 13
112 13
294 297
226 107
14 76
229 333
129 234
274 112
254 24
134 270
375 417
23 20
359 146
162 201
6 84
94 325
345 21
186 62
373 63
350 345
401 305
264 28
164 271
176 82
145 124
91 366
64 351
156 279
184 63
266 12
312 350
320 206
83 39
276 246
387 45
83 261
381 370
253 256
391 241
410 309
118 410
123 414
333 310
278 246
404 182
167 188
182 368
393 388
45 112
166 25
160 220
30 199
39 220
254 325
353 275
241 396
101 137
298 147
57 309
156 186
62 285
368 148
365 339
106 322
316 222
390 152
349 169
220 300
412 184
393 151
245 299
60 65
165 182
54 235
37 208
27 23
132 376
357 388
229 85
171 368
133 166
144 316
239 198
48 340
401 263
334 27
417 252
338 333
308 385
74 316
179 199
338 79
134 274
395 185
44 261
364 392
301 102
384 323
401 130
326 62
74 193
53 184
53 208
250 127
49 19
128 184
394 352
202 216
196 22
338 326
49 296
253 345
382 109
339 199
114 208
387 324
313 290
58 2
173 149
262 199
412 91
265 3
324 208
19 9
378 84
257 285
130 357
81 382
166 12
347 87
298 301
344 211
51 360
161 341
193 1
167 3
63 177
215 253
248 355
324 116
245 275
33 357
375 71
219 253
128 40
32 80
395 384
103 210
199 87
101 74
66 302
44 344
188 409
226 273
4 362
249 13
90 374
259 153
225 194
247 317
81 273
159 39
393 252
373 355
57 276
267 17
78 84
94 270
356 244
237 207
115 341
404 33
36 321
112 327
320 394
249 153
373 206
395 37
411 8
145 51
113 195
101 373
324 333
42 379
401 160
32 213
204 222
405 46
115 309
65 336
52 181
30 166
257 379
157 187
15 22
168 167
381 42
100 136
241 367
325 105
368 398
178 222
4 190
37 290
261 306
55 411
109 371
247 374
399 280
49 27
197 261
122 60
399 64
124 129
1 276
2 22
72 130
94 183
156 292
356 129
238 331
222 407
187 334
249 192
89 43
156 356
269 85
76 324
259 197
117 310
346 132
345 96
264 61
345 29
73 311
349 237
68 147
84 325
193 23
288 78
217 369
352 7
231 88
5 222
138 90
299 340
197 254
193 189
212 263
37 337
42 135
282 158
198 205
77 51
281 395
264 411
296 242
176 221
325 212
258 146
203 409
70 46
179 181
3 179
114 213
228 402
311 373
291 49
320 83
226 206
388 258
87 268
254 334
196 136
302 155
165 250
51 374
248 146
56 54
34 54
3 283
191 363
25 214
266 31
141 282
411 194
270 314
369 223
353 369
160 103
275 119
125 107
116 206
125 220
172 96
280 212
347 107
376 259
206 286
126 74
101 227
231 102
55 108
221 320
300 184
97 209
397 63
193 284
387 44
114 207
89 373
297 48
240 178
195 59
73 315
251 190
140 388
269 343
16 403
140 371
5 53
408 265
12 167
213 182
339 400
290 357
367 252
163 223
123 129
134 243
227 204
307 295
112 30
347 244
45 24
315 2
64 353
98 69
224 147
358 296
203 245
27 371
204 2
201 205
258 234
369 132
37 321
155 118
247 263
114 273
81 145
383 125
38 233
242 47
411 231
99 177
80 58
296 145
296 388
54 330
37 166
280 407
100 82
91 334
167 19
335 262
401 378
254 93
413 143
101 207
82 145
380 297
412 85
304 92
144 399
207 264
133 158
252 178
108 372
69 333
251 358
246 144
39 411
72 248
310 382
93 209
265 297
314 15
29 136
393 385
23 207
240 190
184 307
21 51
125 100
403 263
223 199
182 242
415 377
305 245
410 240
210 338
115 222
251 312
302 385
270 56
48 74
105 111
219 149
404 147
81 234
32 41
84 258
296 338
251 372
360 279
350 282
224 399
325 2
317 233
161 313
245 271
415 320
302 210
211 160
158 391
90 373
80 314
380 282
49 392
219 176
334 355
10 78
289 222
36 73
265 398
37 47
260 372
372 205
247 318
78 399
183 203
183 19
185 227
204 250
54 299
64 259
47 81
22 241
395 228
380 16
417 263
376 201
21 315
7 331
251 212
274 100
143 338
333 28
407 309
240 25
362 397
42 367
372 356
275 90
8 270
164 76
153 53
42 168
286 47
229 84
181 89
117 384
311 232
6 158
232 45
206 369
254 279
231 304
248 21
242 155
414 98
286 324
371 24
312 361
38 370
195 60
25 35
26 416
1 151
284 325
172 192
199 137
113 189
12 347
45 219
18 1
79 255
212 309
183 303
298 84
235 373
406 207
279 161
408 260
363 272
125 51
351 2
26 288
171 309
262 225
49 174
297 2
161 182
374 265
364 91
60 387
259 311
291 324
155 261
143 183
44 72
211 311
372 294
232 35
354 267
189 246
148 57
317 204
256 267
139 352
369 82
206 271
235 397
301 118
295 328
417 187
37 189
417 118
233 106
60 222
175 285
299 114
87 243
112 288
88 70
212 407
100 108
316 229
25 161
103 133
117 39
153 66
120 5
18 102
400 216
151 78
351 238
106 81
272 222
225 139
11 402
390 10
288 171
324 104
296 256
125 32
232 349
274 146
94 194
410 408
393 278
400 190
23 90
302 112
324 255
252 205
147 181
352 384
114 247
27 215
73 134
342 153
141 41
14 56
279 404
223 371
280 42
181 408
36 206
191 150
252 323
235 189
2 160
380 213
211 194
237 393
106 87
146 142
257 38
287 20
109 272
321 300
166 75
155 289
396 218
101 57
78 18
131 127
9 396
34 87
186 202
284 343
329 322
75 226
215 224
31 186
276 218
211 175
296 334
79 183
390 59
216 158
313 336
336 107
313 136
212 313
177 50
75 117
365 233
205 293
403 300
353 59
82 111
27 273
217 291
63 209
369 244
52 131
166 229
92 349
162 367
89 14
231 250
137 233
243 270
199 295
305 328
329 80
33 224
217 382
28 64
22 352
94 82
395 221
291 31
232 149
304 68
357 66
33 414
137 300
213 226
253 410
292 51
89 122
60 53
404 29
320 321
375 58
353 374
96 377
102 154
394 291
212 91
217 332
317 371
100 150
337 392
205 235
372 312
178 348
137 109
345 124
154 164
270 403
346 361
394 399
280 102
342 185
324 284
15 262
51 266
143 350
295 376
413 74
15 155
281 221
153 407
68 56
148 412
186 384
184 143
114 382
207 109
233 278
8 347
275 321
172 362
364 231
406 382
78 316
46 391
319 184
55 1
281 393
417 390
412 289
293 219
344 27
185 59
328 131
251 18
267 264
367 98
340 282
33 408
151 381
283 148
286 133
333 303
165 315
379 129
47 356
241 319
247 253
142 152
27 305
74 399
255 120
161 404
175 325
362 375
43 334
290 346
85 304
267 391
217 131
230 67
266 268
383 249
326 175
69 154
99 396
330 157
202 230
23 303
53 343
381 172
128 23
259 204
367 22
283 413
147 66
223 133
164 405
189 290
73 397
35 379
144 233
415 278
368 112
373 201
304 358
381 102
313 34
59 14
4 107
83 377
331 287
88 80
148 178
45 126
359 348
253 375
222 203
113 204
191 86
318 249
265 144
111 58
182 21
174 289
109 192
377 102
275 38
371 50
33 204
307 117
348 282
45 251
23 163
2 274
275 296
352 55
20 242
43 114
297 142
232 251
404 259
309 292
336 334
60 75
249 232
64 363
247 38
355 1
331 374
167 210
265 102
60 71
137 152
136 261
147 319
69 283
321 269
343 48
47 388
359 142
240 76
310 6
232 49
307 334
298 224
386 287
323 262
342 211
259 314
88 93
310 330
167 314
365 84
18 203
105 301
321 176
232 369
168 86
11 9
19 17
238 390
190 252
269 212
136 385
75 370
21 285
42 14
174 75
83 102
332 334
73 63
404 256
18 90
381 142
15 409
274 95
363 288
243 154
1 42
53 256
345 409
162 108
110 332
179 58
263 237
61 275
344 148
255 399
28 313
163 322
156 373
345 296
366 116
313 337
168 132
242 185
31 270
184 350
167 128
413 170
122 59
7 148
309 88
286 193
407 246
210 255
303 197
194 208
193 146
333 220
115 186
169 123
85 39
266 87
147 39
204 304
22 174
33 348
228 81
11 166
176 102
384 291
204 249
192 33
278 384
254 319
351 47
341 373
105 213
336 114
160 127
348 360
305 408
285 376
196 281
65 62
366 386
192 204
53 168
271 386
78 230
136 138
131 61
210 305
141 303
13 99
78 102
23 136
347 273
291 139
242 92
121 310
149 109
283 21
33 163
24 105
86 184
119 125
274 396
277 323
315 181
364 312
410 323
122 164
235 104
122 203
87 145
60 267
64 247
105 309
343 366
95 79
309 277
162 399
260 12
137 356
147 40
78 367
291 46
141 83
116 271
198 385
416 349
122 31
410 82
1 38
68 388
43 60
274 9
143 194
267 411
397 354
141 376
326 396
91 134
284 310
121 84
251 141
275 14
51 291
344 152
92 257
259 216
109 44
338 377
67 131
313 207
413 345
130 27
326 150
247 242
295 363
22 102
410 143
29 43
172 279
204 46
337 42
252 216
326 40
134 87
125 160
15 317
216 43
11 296
19 34
205 317
223 203
210 70
278 368
180 311
230 379
139 40
326 395
118 43
54 121
169 31
175 142
123 100
48 401
327 128
348 232
330 350
416 321
293 183
103 228
357 93
94 214
113 242
417 256
399 380
249 181
84 34
343 375
291 194
44 108
272 87
283 241
49 179
246 281
121 311
211 9
273 392
353 294
360 277
27 297
219 174
262 182
226 287
409 167
253 121
100 416
330 245
45 264
339 344
32 347
109 53
299 406
293 104
70 160
180 335
410 223
391 113
30 34
173 41
128 416
218 287
195 159
348 40
259 345
117 66
369 108
306 225
315 185
77 367
311 221
151 234
378 100
63 128
121 45
309 107
337 90
374 225
236 97
43 59
304 409
398 43
206 350
39 201
379 380
174 27
292 367
293 33
257 19
49 229
24 69
259 167
145 275
329 11
219 290
376 192
390 265
34 401
298 251
42 330
134 266
128 375
308 173
105 271
40 71
266 135
7 199
319 252
23 94
279 239
417 323
226 89
103 303
119 107
261 195
15 105
352 361
198 166
79 81
124 152
409 108
36 150
376 106
138 187
262 231
75 260
97 133
71 12
389 135
279 336
245 11
16 195
18 216
69 242
125 149
282 57
249 125
264 15
412 416
118 64
54 370
49 119
382 105
375 95
92 94
363 342
165 396
334 165
125 391
341 130
285 79
328 396
250 145
169 103
18 183
240 14
163 361
58 190
101 233
362 19
365 144
229 249
229 224
208 357
405 111
402 163
104 285
12 216
393 148
19 280
254 20
172 410
358 77
141 317
229 61
13 43
290 199
321 305
308 298
185 149
129 240
348 234
341 322
193 36
408 282
57 380
55 9
85 94
265 188
289 413
300 230
131 23
266 122
113 264
377 220
248 307
174 73
22 131
237 146
206 119
244 131
115 394
37 283
24 249
327 243
16 115
280 303
28 148
114 151
181 128
366 128
91 233
242 373
167 220
149 195
306 156
306 212
20 288
124 177
294 318
326 153
10 26
324 4
282 85
344 187
24 193
46 45
190 86
385 124
105 202
77 180
109 282
33 72
325 187
317 264
177 371
105 229
304 245
270 320
395 80
342 224
248 408
218 323
112 375
256 389
215 317
138 392
217 388
86 187
70 412
245 155
88 245
13 401
106 23
283 164
258 110
23 135
331 170
237 36
185 367
18 231
375 177
332 317
52 250
233 296
184 229
115 414
243 286
203 201
89 127
104 361
296 405
357 13
142 310
347 44
373 354
352 164
24 114
13 53
232 31
4 66
184 390
347 210
60 244
248 148
254 179
88 349
415 231
22 346
201 342
95 399
191 262
141 270
153 392
155 375
54 130
144 272
217 278
395 254
327 1
71 371
151 248
398 289
400 304
222 87
239 286
248 325
252 128
165 71
72 54
83 37
33 133
414 57
239 158
300 182
179 333
381 411
337 150
124 410
45 57
156 257
105 313
302 13
253 81
102 190
307 321
88 233
252 399
76 266
342 12
204 47
169 357
349 303
213 298
279 246
201 27
141 272
365 316
165 55
92 151
158 379
349 406
74 75
304 230
135 178
61 227
118 194
151 45
405 347
284 199
86 219
361 340
18 50
170 114
312 375
331 104
219 130
169 92
152 244
356 11
69 407
350 373
374 410
169 104
15 202
335 126
147 346
414 299
327 202
137 23
382 89
324 183
404 347
157 274
45 215
88 26
243 197
386 82
385 63
30 304
291 292
335 3
312 356
349 171
93 134
152 104
417 351
328 231
279 381
237 342
106 80
25 215
417 331
78 86
305 1
50 395
324 371
392 250
174 206
336 35
151 94
121 32
10 69
165 102
1 220
342 276
40 276
252 355
284 36
288 88
120 374
242 29
250 330
344 183
71 94
286 157
341 127
135 241
124 415
115 133
27 274
379 253
405 338
251 73
254 188
218 89
293 54
242 265
131 372
57 132
118 343
323 37
390 343
167 246
60 101
153 14
201 232
342 140
112 81
17 101
401 253
415 115
94 218
328 103
2 100
345 406
258 29
330 337
412 81
356 2
100 286
135 182
181 11
279 42
16 280
4 84
142 209
175 45
21 37
358 267
412 36
6 89
325 247
90 270
289 403
145 27
75 29
368 309
149 395
169 346
330 360
124 216
88 381
210 384
308 280
369 34
213 221
282 68
110 321
134 285
12 147
300 201
257 117
120 23
340 384
236 206
290 154
9 50
346 287
320 305
97 330
216 84
294 154
53 123
180 257
30 348
111 297
380 162
263 174
26 158
107 310
262 305
332 290
87 176
103 130
279 145
356 231
291 378
414 34
55 311
192 215
186 219
333 255
312 279
351 202
108 392
144 407
330 62
208 108
257 190
3 57
5 384
112 378
295 382
286 284
290 244
83 240
129 329
116 1
345 181
25 224
348 351
258 181
178 391
136 24
299 364
181 123
381 273
196 97
116 95
172 415
109 314
26 362
31 227
71 255
34 241
119 141
129 305
145 147
201 215
364 160
43 329
407 155
375 201
35 332
355 23
214 301
195 186
381 235
242 165
176 76
122 130
122 389
372 63
176 396
326 231
249 42
44 245
395 56
375 272
177 147
115 257
365 63
267 98
29 312
51 351
168 194
301 68
168 143
273 69
273 158
126 128
36 404
112 73
373 31
299 412
387 138
248 367
378 400
397 309
90 309
65 355
299 291
141 264
139 153
369 192
275 244
277 168
390 133
180 396
13 136
232 293
294 263
256 289
312 378
141 320
236 275
337 246
212 292
286 308
53 45
8 77
335 185
19 106
395 116
155 23
86 138
181 386
383 116
209 326
110 100
158 233
344 176
159 138
118 21
54 189
118 7
93 211
313 302
348 113
81 252
178 330
293 249
217 231
19 14
117 162
99 227
49 35
176 159
383 59
289 182
318 53
270 27
83 123
165 13
152 156
49 5
130 208
333 50
215 134
149 344
144 15
191 409
334 322
314 115
222 333
365 76
21 55
163 409
31 335
250 89
190 178
317 282
263 134
399 111
2 220
288 355
56 295
225 318
166 216
134 351
13 41
396 26
15 222
377 181
212 277
244 304
326 232
190 288
320 227
47 217
367 293
249 391
405 49
219 82
14 272
80 376
44 94
76 334
206 170
247 13
239 59
154 310
81 263
222 79
265 412
407 7
315 132
87 302
275 114
150 43
402 58
353 174
294 371
103 352
193 319
158 49
331 176
278 151
117 363
406 389
214 330
5 43
250 218
407 162
302 48
2 243
138 109
268 34
344 297
144 9
278 166
347 393
59 312
158 279
302 216
99 408
362 327
156 114
35 80
309 267
155 159
75 127
109 378
412 343
394 232
178 70
260 358
272 252
356 190
273 298
9 316
121 57
215 173
365 270
369 173
224 353
43 58
381 89
1 150
161 95
165 141
76 161
248 332
264 248
24 207
212 172
216 61
338 389
282 24
50 282
326 134
185 402
119 208
42 328
225 269
5 315
367 246
285 72
283 120
238 166
404 115
384 263
218 296
361 221
275 350
380 145
170 392
214 279
120 182
249 14
275 401
185 9
283 186
295 18
392 188
348 15
347 156
194 260
60 219
347 226
362 148
148 78
80 67
349 17
196 4
129 204
286 118
326 58
65 390
47 220
330 299
121 307
119 76
36 57
266 104
314 337
120 348
103 188
69 30
294 208
378 203
240 121
312 411
272 290
118 216
127 243
336 340
7 388
199 412
89 341
53 285
293 338
332 278
307 13
221 197
365 244
123 389
408 85
323 261
66 220
150 328
140 307
176 163
100 265
292 242
8 58
196 388
317 346
2 276
70 175
153 387
19 215
383 161
223 101
7 56
172 326
163 191
340 344
65 417
82 315
172 181
341 302
178 220
17 39
126 357
212 141
314 411
292 365
197 240
265 118
115 39
412 137
390 269
284 228
404 183
207 379
307 204
122 220
124 286
165 11
348 287
98 184
159 236
92 7
323 257
259 19
86 214
138 155
370 243
148 82
131 211
8 234
343 20
167 69
86 342
98 176
194 147
171 97
128 170
397 282
149 241
73 276
55 205
186 184
238 350
241 110
103 403
290 339
41 238
88 167
143 391
188 128
250 265
279 389
73 314
290 104
267 364
271 371
331 263
218 194
48 124
45 216
392 211
265 60
27 288
150 128
5 294
301 70
348 417
253 107
394 264
310 163
311 283
365 2
410 378
3 384
25 302
343 330
215 15
322 34
139 277
75 242
299 268
269 176
114 77
99 397
109 271
375 394
200 163
105 71
238 364
395 75
326 400
212 66
189 178
109 94
183 109
250 35
21 13
290 190
127 178
179 217
60 57
338 41
86 344
234 262
409 303
107 183
225 106
11 369
328 100
187 269
6 274
119 244
110 96
93 73
363 225
387 346
127 62
245 2
95 383
281 204
178 401
50 108
365 151
1 196
138 10
190 103
350 14
154 260
245 398
40 270
172 308
47 158
300 193
8 366
116 141
96 270
140 281
179 288
261 385
262 362
244 157
242 70
109 79
328 347
118 189
18 232
171 173
108 325
160 306
192 41
271 255
274 343
46 209
229 129
21 376
112 95
109 237
238 220
47 287
268 394
143 153
260 120
146 28
109 316
193 97
176 5
88 124
238 90
116 173
169 41
309 279
256 197
235 288
149 335
61 91
165 307
322 5
256 101
387 166
404 159
287 345
247 151
402 76
225 147
294 370
194 326
138 100
335 295
329 335
37 282
279 98
272 140
246 90
98 87
110 246
134 148
248 92
27 180
99 4
106 285
284 51
51 31
285 44
301 25
365 7
216 16
357 129
204 415
148 64
37 143
197 328
399 170
180 362
398 295
6 134
99 206
250 249
140 339
185 219
305 299
301 156
393 211
20 354
195 282
117 175
15 329
375 364
350 276
259 144
372 158
9 118
101 69
206 85
6 224
96 52
10 204
297 170
126 197
337 39
320 271
219 140
15 113
313 257
333 22
24 91
296 399
220 176
294 246
309 166
392 354
337 206
57 339
344 279
47 300
175 355
244 74
30 125
326 132
62 11
140 401
169 16
156 366
413 241
235 318
79 286
203 286
362 391
208 340
112 146
100 143
161 403
405 238
155 80
272 212
131 212
154 210
244 184
182 152
291 360
64 241
1 376
336 13
240 202
299 92
188 377
155 48
168 282
370 100
369 264
363 326
182 101
317 85
53 73
380 386
18 314
205 94
124 162
323 391
45 20
6 260
83 209
152 128
49 68
184 108
280 366
360 197
21 171
230 113
286 61
240 164
234 175
279 256
3 243
157 294
15 331
308 275
409 240
379 185
325 145
46 9
170 407
97 235
230 183
134 409
225 119
388 209
276 340
338 10
1 126
58 345
57 411
134 360
231 234
315 212
157 298
373 325
293 273
148 5
228 342
286 216
273 98
117 334
62 252
251 269
155 328
408 366
189 296
5 239
222 40
26 358
348 111
267 89
303 413
321 374
87 293
300 296
35 54
292 190
195 200
212 238
147 32
141 312
227 140
359 410
405 12
248 122
348 281
84 8
400 348
269 63
185 137
406 322
331 270
34 407
324 220
350 337
56 212
164 80
382 166
325 385
124 350
40 361
91 245
303 283
224 59
107 301
85 356
7 44
198 60
166 192
400 355
86 182
163 11
366 363
354 379
56 286
290 1
222 66
14 346
136 381
316 173
402 55
271 146
334 305
364 326
194 404
70 118
191 320
54 250
164 374
179 161
377 26
76 12
201 235
128 100
115 280
78 392
217 159
330 100
320 1
88 100
195 328
258 282
178 283
8 375
382 143
407 321
29 91
33 6
23 348
186 136
332 1
356 204
89 1
347 286
47 309
193 67
23 222
136 51
411 248
113 260
193 389
83 212
275 267
299 188
324 159
222 408
376 149
201 363
267 195
371 85
374 279
157 190
8 309
360 281
200 18
238 184
186 169
92 135
17 288
154 4
382 87
376 291
361 56
142 178
75 135
245 250
80 137
234 87
184 106
53 113
148 256
362 266
306 206
258 80
332 127
19 60
42 121
379 175
256 157
198 119
229 225
22 365
236 92
359 383
49 393
150 47
127 199
300 235
196 253
186 330
275 309
214 150
4 313
117 9
345 381
30 33
40 298
302 230
174 218
22 97
355 289
109 194
192 185
82 191
151 310
277 53
286 349
188 190
378 170
47 199
7 319
360 39
229 221
198 269
259 289
33 71
237 74
259 218
139 372
191 396
219 223
383 302
407 247
323 240
415 61
254 122
60 290
351 170
338 398
73 197
367 76
259 212
176 69
184 295
91 59
348 341
239 43
126 152
52 351
271 257
268 297
256 44
299 177
234 366
44 202
304 65
55 74
60 144
92 216
333 224
35 28
104 80
371 168
413 312
325 412
41 256
356 251
255 89
267 73
177 25
344 160
378 6
133 6
97 399
166 220
116 115
251 326
186 320
27 21
247 222
17 257
389 7
315 152
246 137
307 270
214 361
96 97
27 410
21 173
310 411
395 256
321 236
166 315
110 215
92 363
203 192
32 350
173 303
398 247
56 105
150 385
204 164
2 221
87 79
338 255
148 331
237 287
34 372
57 260
238 34
7 114
256 390
279 163
148 294
19 171
103 413
49 344
358 48
370 132
158 346
202 222
11 120
302 27
157 181
414 90
153 207
156 296
149 267
204 111
311 252
353 335
127 42
275 59
17 1
288 214
387 414
287 223
303 368
231 81
67 352
317 407
97 282
140 139
217 252
353 354
348 20
68 98
377 68
64 42
295 358
91 311
325 102
137 11
348 335
134 329
182 367
153 228
267 375
268 38
171 15
70 161
158 417
306 315
290 173
381 107
130 255
360 31
408 245
314 269
113 250
404 68
319 5
237 60
271 368
80 200
309 18
341 360
293 223
108 145
230 283
279 308
348 414
241 14
219 381
317 355
140 218
54 209
248 98
336 16
74 255
299 139
322 235
365 10
190 152
109 27
289 38
117 129
51 117
268 339
171 32
320 337
400 29
178 317
26 142
322 259
316 312
85 416
404 157
410 69
136 287
92 9
74 137
125 147
328 31
115 353
237 344
256 388
113 177
128 140
122 384
122 230
124 52
196 96
45 336
346 79
286 59
218 321
393 416
233 300
142 177
335 201
58 318
379 356
274 101
228 363
128 264
176 113
154 236
207 411
170 23
417 1
174 108
44 63
246 79
35 158
391 164
102 235
310 267
97 155
102 206
246 120
394 200
349 351
121 120
90 302
361 152
23 98
31 401
28 96
299 409
397 55
73 213
85 367
355 309
42 52
262 412
387 122
14 259
88 408
108 253
38 147
249 340
90 324
268 100
57 89
61 235
118 357
411 355
325 98
230 24
296 221
291 415
216 103
114 153
214 168
196 44
90 318
311 77
362 360
407 10
229 120
266 254
124 324
190 247
376 360
218 274
194 123
310 384
215 1
112 309
386 161
225 145
151 391
381 415
233 198
59 382
314 406
63 32
324 46
238 162
202 239
91 99
71 290
265 85
401 255
174 405
347 318
307 187
381 267
185 405
134 242
38 211
244 66
44 360
185 364
395 313
263 148
124 232
160 412
97 356
205 255
102 337
230 157
66 73
295 136
179 89
300 94
387 96
316 302
368 151
71 180
94 72
387 205
5 348
39 64
250 310
215 83
161 329
295 40
252 329
136 310
330 110
287 398
389 40
11 51
221 408
301 93
176 108
84 242
12 413
16 372
28 360
287 409
302 274
121 137
7 125
84 104
29 209
130 317
45 256
73 382
400 27
183 189
194 114
205 245
50 174
296 50
2 187
9 392
388 114
54 315
119 85
131 224
283 163
117 385
154 10
362 383
388 263
290 353
259 358
411 47
116 231
218 70
364 134
280 103
254 139
318 200
235 207
319 74
350 320
369 284
225 105
102 145
301 254
66 225
384 341
23 391
291 345
216 404
4 180
90 123
65 93
95 280
266 253
270 371
374 92
326 335
30 154
396 275
350 396
304 167
124 287
317 358
22 387
209 109
222 97
271 115
100 46
6 401
70 34
41 402
277 390
305 124
369 332
151 210
18 68
58 377
317 167
207 74
159 275
33 60
296 129
59 354
91 70
101 175
297 320
29 251
194 343
135 47
157 14
273 409
409 168
410 286
141 28
177 140
19 224
262 158
344 210
238 63
32 66
272 387
410 178
79 145
380 359
41 311
271 290
410 384
72 264
127 57
63 281
267 407
17 340
245 268
169 230
318 263
90 241
165 378
169 332
73 326
22 293
210 269
97 33
183 22
170 352
67 97
112 308
323 293
179 15
130 246
246 103
45 337
126 369
326 205
81 188
283 221
409 207
87 183
40 78
11 119
140 4
302 353
279 262
348 88
106 347
101 138
390 219
189 44
414 101
405 26
123 71
251 309
63 133
263 102
398 290
132 379
364 158
413 263
1 400
291 177
342 366
6 159
236 295
74 293
28 100
17 311
230 210
329 36
101 145
7 307
321 90
135 379
320 301
260 92
6 235
266 68
167 226
177 272
54 19
19 84
9 251
237 346
249 230
413 338
62 214
329 243
3 219
110 297
153 297
268 98
97 51
173 175
207 35
267 58
53 288
234 204
213 116
278 131
209 381
113 136
236 353
391 294
306 201
335 272
60 87
38 186
285 195
292 11
210 223
66 209
168 190
366 407
396 387
219 360
355 234
52 352
357 329
155 403
116 182
62 238
236 285
23 333
57 55
191 162
74 358
83 40
214 320
322 143
24 110
224 193
65 224
352 417
357 160
414 122
375 284
271 354
160 189
32 248
169 305
334 26
66 316
161 19
121 17
166 127
204 59
13 283
339 229
318 78
68 314
277 248
208 89
81 56
147 292
317 214
273 3
152 406
94 61
283 151
27 227
384 265
149 114
277 107
65 254
374 263
258 275
229 410
60 120
132 317
250 343
41 275
11 109
218 289
202 406
357 401
350 106
109 295
51 395
325 291
6 198
388 54
67 11
195 253
247 6
76 354
408 161
116 308
132 74
229 20
235 119
328 139
89 77
24 159
359 258
412 10
307 67
329 188
413 318
332 47
307 190
352 56
235 407
349 50
321 346
303 72
45 191
233 260
409 357
48 147
156 118
275 178
34 92
165 273
190 120
249 29
298 328
194 246
238 356
94 76
81 13
132 93
306 9
62 4
332 16
210 300
344 33
38 341
366 221
133 213
242 137
164 36
417 80
379 141
80 291
201 230
185 283
65 377
264 235
46 401
378 413
273 236
44 363
110 318
8 69
213 321
191 183
159 165
227 416
340 107
21 305
300 288
73 249
108 24
180 172
137 129
283 392
108 398
332 158
198 327
5 228
176 28
110 295
249 116
89 58
267 349
14 291
356 182
123 383
125 396
394 105
345 221
307 69
152 169
308 55
40 341
13 12
237 396
77 192
218 2
82 167
407 260
394 69
5 143
254 198
344 26
339 360
369 316
165 194
313 147
81 14
148 213
268 164
283 261
105 203
32 323
12 91
171 60
77 337
20 41
176 337
101 399
155 362
70 112
241 98
117 409
276 299
37 97
177 346
306 149
108 285
74 283
169 129
16 303
45 321
269 184
21 129
133 130
340 382
74 85
354 15
1 226
161 321
17 253
240 182
310 244
102 80
291 368
1 101
118 292
156 343
163 281
177 397
36 372
389 160
47 146
70 298
65 348
408 92
92 377
231 284
13 92
48 346
243 181
5 263
28 338
254 202
102 360
416 274
172 315
325 10
319 280
375 72
114 315
258 97
262 130
244 407
259 37
394 367
86 262
352 265
228 244
269 45
365 253
93 271
392 371
25 187
378 157
213 173
393 321
254 315
128 369
127 49
108 64
153 164
308 204
366 152
337 260
371 352
329 383
264 379
176 30
29 379
327 313
415 33
296 160
70 117
265 229
240 230
67 23
36 20
318 130
290 78
240 274
166 253
62 113
75 56
137 307
374 383
247 344
200 354
237 155
32 8
281 14
165 247
331 188
85 331
105 373
265 391
414 134
80 224
223 94
331 229
250 368
185 289
388 328
341 175
289 62
336 23
110 331
3 354
115 141
247 150
123 79
31 170
232 346
228 33
30 383
258 16
304 373
60 416
47 152
327 99
66 339
19 309
251 236
101 280
65 334
245 90
12 124
94 29
236 393
50 29
213 196
300 226
247 51
65 366
73 290
326 410
287 243
407 12
274 121
82 85
183 311
237 170
86 132
118 338
170 92
72 221
216 238
24 2
351 232
124 31
112 323
225 239
47 164
325 195
257 208
258 344
100 60
308 129
58 359
211 308
339 273
369 24
227 135
120 356
289 287
342 284
355 34
192 279
278 353
13 78
185 384
5 281
248 234
345 343
20 382
124 99
319 39
305 300
259 106
263 362
214 216
66 364
139 22
138 93
269 328
154 24
179 292
271 323
369 101
83 279
100 160
112 127
271 63
38 381
17 163
314 123
53 84
330 412
93 74
341 88
409 35
380 134
5 254
20 157
251 10
342 85
155 94
283 90
118 406
40 22
132 112
331 206
24 279
363 166
114 144
267 104
208 54
158 48
327 173
244 151
380 228
15 284
378 49
247 25
86 368
238 258
193 336
160 129
218 299
347 228
7 47
255 14
55 121
69 107
413 66
195 114
155 398
365 183
123 156
287 34
360 78
240 380
269 181
293 101
19 273
165 281
210 42
87 261
403 89
66 241
236 391
383 275
42 267
336 91
218 378
291 276
228 250
372 169
398 61
31 196
183 413
317 367
364 141
124 203
288 376
346 211
276 15
81 262
239 236
212 370
59 133
248 18
208 215
61 406
289 383
47 208
69 215
388 29
148 163
329 91
51 388
212 333
146 106
16 417
285 384
333 292
23 147
119 322
111 72
122 244
299 225
62 321
330 246
30 32
198 265
169 390
345 99
357 154
317 232
145 346
404 96
120 81
262 38
400 132
86 267
108 139
144 204
211 106
235 202
2 147
92 402
32 326
408 35
122 357
198 24
192 40
240 388
113 32
109 303
181 340
135 306
143 130
178 382
370 102
343 353
298 388
235 53
322 100
205 212
287 139
331 35
390 125
410 98
118 39
258 105
275 117
113 104
22 95
169 344
398 112
127 205
338 261
176 298
110 416
210 126
56 73
100 224
236 28
413 118
11 89
211 261
263 58
284 169
55 322
239 19
41 231
245 279
222 298
170 401
109 145
264 136
316 317
121 324
10 303
148 11
183 271
316 325
255 369
33 282
34 220
333 178
132 232
130 112
147 60
311 231
1 311
48 364
21 413
176 275
262 230
84 314
16 171
243 348
316 390
174 130
156 310
90 400
287 319
307 49
200 237
135 50
234 309
57 161
153 100
287 265
17 118
293 358
72 228
64 275
357 107
403 87
217 200
159 382
191 129
122 100
5 327
89 219
141 324
165 379
356 254
311 315
96 366
319 170
20 193
144 6
363 160
127 268
362 67
325 130
15 175
78 321
27 102
225 125
293 80
399 164
376 238
340 389
352 362
97 262
102 252
160 327
74 299
308 306
352 250
358 154
318 80
192 95
222 161
190 255
62 67
159 262
386 13
274 345
204 165
396 14
335 196
312 121
204 247
341 164
373 92
340 63
232 414
122 16
354 210
64 348
160 304
308 43
44 362
304 103
256 122
239 401
3 77
408 409
128 15
57 359
39 100
382 232
4 56
411 253
389 409
396 179
156 244
272 237
234 339
364 277
318 353
302 165
113 112
63 263
279 129
96 258
324 300
308 119
25 294
195 77
375 296
24 331
395 332
213 65
14 11
144 102
376 393
27 260
154 126
266 159
143 1
144 331
274 271
114 178
283 267
371 368
67 203
318 95
338 373
32 103
112 414
286 245
204 169
89 270
96 89
344 117
43 243
392 287
257 77
400 199
410 30
97 87
98 49
310 166
58 44
211 166
360 43
268 272
385 329
239 375
303 399
126 78
94 22
374 176
249 174
98 374
78 134
67 24
20 245
39 199
65 387
363 400
297 266
201 336
182 177
204 196
315 400
255 128
285 301
129 258
66 215
7 312
223 257
92 5
350 128
339 105
150 243
24 22
3 63
204 372
131 3